Optimal F1 measure: 0.8362; optimal inc = 1.33; optimal dec = 0.6
Fixed: 10000 epoches, 0.6 learning rate.

    0.7847
    0.7707
    0.8066
    0.8034
    0.7968
    0.8188
    0.8077
    0.8056
    0.7974
    0.7764
    0.7847
    0.7948
    0.7907
    0.8059
    0.8133
    0.7977
    0.8135
    0.8002
    0.7639
    0.7877
    0.8052
    0.8126
    0.8053
    0.8139
    0.8114
    0.8200
    0.8311
    0.7915
    0.7969
    0.7851
    0.7985
    0.8147
    0.8041
    0.8210
    0.8014
    0.8018
    0.7879
    0.8011
    0.8155
    0.8042
    0.8128
    0.7989
    0.7946
    0.8165
    0.8075
    0.8107
    0.8031
    0.7960
    0.8018
    0.8144
    0.7994
    0.8059
    0.8079
    0.8180
    0.7851
    0.8094
    0.8101
    0.8178
    0.8076
    0.8051
    0.8056
    0.8069
    0.6830
    0.7912
    0.7977
    0.8112
    0.8028
    0.8050
    0.8113
    0.8113
    0.7980
    0.6962
    0.7656
    0.7958
    0.8022
    0.8056
    0.8072
    0.8122
    0.7956
    0.8200
    0.6524
    0.7810
    0.8064
    0.8038
    0.8130
    0.8010
    0.8083
    0.8127
    0.7530
    0.5289
    0.7986
    0.7802
    0.7961
    0.8121
    0.8129
    0.8101
    0.8037
    0.8027
    0.5122
    0.7993
    0.7919
    0.8135
    0.8116
    0.7897
    0.8182
    0.8212
    0.8089
    0.5158
    0.7616
    0.8255
    0.8002
    0.8030
    0.7997
    0.8273
    0.8027
    0.7581
    0.4853
    0.7640
    0.7957
    0.8159
    0.7859
    0.8191
    0.8073
    0.8066
    0.7378
    0.3541
    0.7734
    0.7835
    0.8013
    0.8195
    0.8276
    0.7993
    0.7826
    0.7684
    0.3476
    0.7840
    0.7858
    0.7956
    0.8100
    0.8001
    0.8080
    0.8163
    0.6494
    0.4272
    0.7799
    0.7854
    0.8115
    0.7873
    0.8068
    0.8362
    0.8089
    0.7771
    0.2800
    0.7815
    0.7872
    0.7928
    0.7797
    0.8054
    0.8130
    0.8159
    0.7244
    0.2686
    0.8008
    0.7897
    0.7954
    0.8015
    0.7993
    0.8118
    0.8191
    0.6706
    0.2919
    0.7875
    0.7912
    0.8097
    0.8112
    0.8075
    0.8186
    0.8135
    0.5728
    0.2549
    0.7706
    0.8050
    0.7912
    0.8133
    0.8210
    0.8025
    0.8022
    0.5397
    0.2726
    0.7881
    0.7937
    0.8074
    0.8022
    0.8190
    0.7903
    0.7937
    0.4121
    0.2982
    0.7830
    0.8104
    0.8020
    0.8023
    0.8012
    0.8076
    0.7363
    0.4382
    0.2738
    0.7618
    0.7914
    0.7770
    0.8060
    0.8120
    0.8130
    0.7889
    0.3566
    0.2687
    0.7845
    0.7994
    0.8008
    0.7974
    0.8125
    0.8062
    0.8171
    0.3064
    0.2474
    0.7799
    0.7927
    0.7999
    0.7873
    0.8057
    0.8015
    0.6565
    0.3609
    0.2678