Optimal F1 measure: 0.8241; optimal inc = 1.19; optimal dec = 0.4
Fixed: 10000 epoches, 0.2 learning rate.

0.7677
    0.7912
    0.7926
    0.8020
    0.7820
    0.8084
    0.8100
    0.8138
    0.8015
    0.7481
    0.7728
    0.8062
    0.7895
    0.8077
    0.7958
    0.8009
    0.8125
    0.8079
    0.7790
    0.7979
    0.7990
    0.7989
    0.8050
    0.7990
    0.8096
    0.8061
    0.7977
    0.7799
    0.7988
    0.8069
    0.8201
    0.8105
    0.8112
    0.8125
    0.8022
    0.8055
    0.7919
    0.7933
    0.8089
    0.7912
    0.8001
    0.7872
    0.8018
    0.8161
    0.7566
    0.7794
    0.7949
    0.7989
    0.8054
    0.8058
    0.8061
    0.8195
    0.8145
    0.7098
    0.7825
    0.8071
    0.8090
    0.8124
    0.8051
    0.8160
    0.8093
    0.8212
    0.6154
    0.7892
    0.8002
    0.8097
    0.7947
    0.8034
    0.8050
    0.8230
    0.8109
    0.6455
    0.7677
    0.8066
    0.8002
    0.8089
    0.8045
    0.8070
    0.7998
    0.8151
    0.6587
    0.7840
    0.7885
    0.8098
    0.8241
    0.7977
    0.8093
    0.8201
    0.8175
    0.6331
    0.7974
    0.8004
    0.7799
    0.8008
    0.7990
    0.8141
    0.8021
    0.7593
    0.5747
    0.7668
    0.8202
    0.8037
    0.8221
    0.8237
    0.8227
    0.8206
    0.6963
    0.4530
    0.7776
    0.8063
    0.7925
    0.8167
    0.8096
    0.8084
    0.8045
    0.7087
    0.5555
    0.7504
    0.7823
    0.7985
    0.8234
    0.8120
    0.8142
    0.8177
    0.8151
    0.3266
    0.7820
    0.7962
    0.8200
    0.8166
    0.8052
    0.8014
    0.8197
    0.7554
    0.2864
    0.7796
    0.7816
    0.8008
    0.8021
    0.8109
    0.8200
    0.8134
    0.8103
    0.3386
    0.7524
    0.7861
    0.8062
    0.8142
    0.8034
    0.7995
    0.8029
    0.7044
    0.2791
    0.7881
    0.7867
    0.8025
    0.8199
    0.8079
    0.8082
    0.8066
    0.5923
    0.2676
    0.7812
    0.7870
    0.8195
    0.8046
    0.8128
    0.8134
    0.7976
    0.6810
    0.2598
    0.7894
    0.8173
    0.7836
    0.8042
    0.8059
    0.7964
    0.7765
    0.7276
    0.2836
    0.7609
    0.7920
    0.7967
    0.8134
    0.8076
    0.8168
    0.8064
    0.5586
    0.2703
    0.7890
    0.7880
    0.7972
    0.8026
    0.8234
    0.8205
    0.8147
    0.3374
    0.2280
    0.7678
    0.7787
    0.8200
    0.8139
    0.8059
    0.7866
    0.6666
    0.4624
    0.2628
    0.7834
    0.8162
    0.8100
    0.8157
    0.8069
    0.8210
    0.6954
    0.3606
    0.2266
    0.7490
    0.7944
    0.8007
    0.8041
    0.7846
    0.8172
    0.7640
    0.3061
    0.2453