Optimal F1 measure: 0.8404; optimal inc = 1.21; optimal dec = 0.6
Fixed: 10000 epoches, 0.4 learning rate.

    0.7889
    0.7874
    0.7950
    0.7992
    0.8104
    0.8045
    0.8015
    0.7979
    0.8095
    0.7889
    0.7893
    0.8129
    0.8084
    0.7946
    0.8032
    0.8114
    0.7964
    0.8115
    0.7719
    0.7973
    0.8010
    0.8111
    0.8038
    0.8227
    0.8030
    0.8079
    0.8105
    0.8017
    0.7756
    0.8055
    0.7978
    0.8078
    0.7984
    0.7914
    0.8116
    0.7596
    0.7799
    0.7915
    0.7873
    0.7991
    0.8011
    0.8058
    0.8180
    0.8187
    0.6530
    0.7948
    0.7952
    0.7993
    0.7911
    0.7922
    0.8182
    0.8024
    0.7873
    0.8090
    0.7997
    0.7938
    0.8058
    0.8124
    0.8175
    0.8104
    0.8047
    0.8060
    0.7160
    0.7757
    0.8032
    0.8072
    0.8122
    0.7958
    0.8049
    0.8076
    0.8251
    0.8275
    0.8004
    0.7899
    0.7835
    0.7916
    0.8004
    0.8220
    0.7980
    0.8144
    0.6433
    0.7862
    0.8133
    0.8072
    0.8312
    0.8225
    0.8010
    0.8105
    0.8136
    0.6309
    0.7870
    0.7872
    0.7971
    0.8005
    0.7983
    0.8404
    0.7941
    0.8082
    0.5561
    0.7735
    0.7979
    0.7939
    0.8070
    0.8096
    0.8119
    0.8034
    0.7626
    0.4511
    0.7827
    0.7964
    0.7977
    0.8023
    0.8142
    0.8294
    0.8092
    0.8220
    0.4870
    0.7828
    0.8048
    0.8184
    0.8053
    0.8008
    0.8129
    0.8147
    0.6980
    0.3485
    0.7819
    0.8099
    0.7911
    0.7840
    0.8102
    0.8076
    0.8045
    0.7256
    0.3374
    0.7687
    0.8024
    0.7966
    0.7997
    0.8210
    0.8245
    0.8038
    0.7673
    0.3298
    0.7610
    0.7976
    0.7995
    0.8064
    0.8026
    0.8076
    0.7935
    0.8096
    0.2953
    0.7756
    0.8053
    0.8046
    0.7985
    0.8121
    0.8190
    0.8097
    0.6530
    0.2675
    0.7595
    0.7977
    0.8187
    0.8055
    0.8028
    0.8117
    0.8123
    0.5687
    0.2906
    0.7948
    0.7936
    0.8170
    0.8107
    0.8071
    0.8015
    0.8164
    0.6163
    0.2804
    0.7731
    0.7908
    0.8223
    0.8209
    0.8257
    0.8115
    0.8184
    0.4872
    0.2355
    0.7863
    0.8020
    0.8214
    0.7999
    0.8050
    0.8121
    0.8242
    0.5004
    0.2541
    0.7816
    0.8036
    0.8090
    0.7853
    0.8086
    0.7940
    0.7041
    0.5146
    0.2283
    0.7943
    0.8156
    0.7909
    0.8089
    0.8069
    0.8376
    0.8029
    0.3531
    0.2856
    0.8134
    0.8185
    0.8094
    0.7945
    0.8095
    0.8139
    0.6890
    0.3273
    0.2391
    0.7678
    0.8019
    0.7968
    0.8120
    0.8061
    0.8104
    0.7672
    0.3796
    0.2515