Depth method

1. Confusion matrix
  - clean data
    9.1    2.0    0.4    0.3    1.2    0.2
    1.8   15.1    0.1    1.0    1.1    0.7
    0.4    0.6    9.0    0.3    0.4    1.2
    0.1    1.1    0.3   18.4    1.2    0.5
    2.5    1.5    0.7    0.9    7.3    0.3
    0.4    0.5    1.6    0.6    1.0   16.6

  - noisy data  
    3.1    0.7    1.7    0.8    1.8    0.7
    1.9   12.7    1.9    1.4    0.5    0.3
    1.4    1.9   10.9    2.1    0.8    1.6
    0.9    1.3    1.4   15.7    0.5    1.1
    2.4    1.0    0.6    0.8    5.4    0.8
    1.3    0.5    2.2    1.1    1.3   15.6
     
2. Avg classification rate
  - clean data: 0.7520
  - noisy data: 0.6334
  
3. Avg recall rate
 - clean data: 0.6894    0.7626    0.7563    0.8519    0.5530    0.8019
 - noisy data: 0.3523    0.6791    0.5829    0.7512    0.4909    0.7091

4. Avg precision rate
 - clean data: 0.6364    0.7260    0.7438    0.8558    0.5984    0.8513
 - noisy data: 0.2818    0.7017    0.5829    0.7169    0.5243    0.7761
 
5. F1 measure
 - clean data: 0.6618    0.7438    0.7500    0.8538    0.5748    0.8259
 - noisy data: 0.3131    0.6902    0.5829    0.7336    0.5070    0.7411


Randomised tie breaker method

1. Avg Confusion matrix
 - clean data
    
    7.8    1.8    0.8    0.5    1.7    0.6
    1.5   13.8    0.6    1.4    1.7    0.8
    1.1    0.4    8.1    0.1    1.2    1.0
    0.2    1.2    0.5   17.6    1.3    0.8
    1.7    1.7    0.8    0.8    7.3    0.9
    0.4    0.8    1.4    0.7    1.2   16.2

 - noisy data
    2.3    0.8    1.9    1.0    1.8    1.0
    1.5   11.7    1.7    1.8    1.2    0.8
    1.7    1.7    9.9    2.3    1.0    2.1
    1.0    1.5    1.5   15.4    0.6    0.9
    1.7    0.6    1.2    0.8    5.2    1.5
    1.2    1.8    1.9    1.1    1.0   15.0

 
2. Avg classification rate
 - clean data: 0.7052
 - noisy data: 0.5944
 
3. Avg recall rate
 - clean data: 0.5909    0.6970    0.6807    0.8148    0.5530    0.7826
 - noisy data: 0.2614    0.6257    0.5294    0.7368    0.4727    0.6818

4. Avg precision rate
 - clean data: 0.6142    0.7005    0.6639    0.8341    0.5069    0.7980
 - noisy data: 0.2447    0.6464    0.5470    0.6875    0.4815    0.7042
 
5. F1 measure
 - clean data: 0.6023    0.6987    0.6722    0.8244    0.5290    0.7902
 - noisy data: 0.2527    0.6359    0.5380    0.7113    0.4771    0.6928
 

Probability method

1. Avg Confusion matrix
 - clean data
    
    8.1    1.5    0.8    0.7    1.7    0.4
    1.8   14.1    0.4    1.4    1.1    1.0
    1.0    0.4    8.2         0    1.1    1.2
    0.3    0.9    0.4   17.9    1.5    0.6
    1.6    1.2    0.6    0.8    8.0    1.0
    0.4    0.9    1.0    0.9    0.8   16.7
   
 - noisy data
    2.4    1.0    1.8    0.8    1.7    1.1
    1.4   12.2    1.4    2.0    1.1    0.6
    1.1    1.8   10.8    2.0    1.1    1.9
    1.5    1.2    1.4   15.0    0.8    1.0
    1.7    1.4    1.0    0.7    5.0    1.2
    1.2    0.8    2.0    1.1    1.5   15.4

 
2. Avg classification rate
 - clean data: 0.7271
 - noisy data: 0.6074
 
3. Avg recall rate
 - clean data: 0.6136    0.7121    0.6891    0.8287    0.6061    0.8068
 - noisy data: 0.2727    0.6524    0.5775    0.7177    0.4545    0.7

4. Avg precision rate
 - clean data: 0.6136    0.7421    0.7193    0.8249    0.5634    0.7990
 - noisy data: 0.2581    0.6630    0.5870    0.6944    0.4464    0.7264
 
5. F1 measure
 - clean data: 0.6136    0.7268    0.7039    0.8268    0.5839    0.8029
 - noisy data: 0.2652    0.6577    0.5822    0.7059    0.4505    0.7130
 
 
