Traingd (optimal hidden_neurons = 23, lr = 0.2)

CLEAN DATA
=================================================================
Confusion matrix:
	  9.0000    1.2000    0.7000    0.3000    1.8000    0.2000
    1.1000   16.0000    0.3000    0.6000    1.7000    0.1000
    0.3000    0.6000    9.5000    0.1000    0.4000    1.0000
    0.1000    0.5000    0.2000   20.3000    0.2000    0.3000
    0.8000    2.1000    0.8000    0.5000    8.8000    0.2000
         0    0.1000    1.2000    0.3000    0.2000   18.9000
Avg classification rate : 
0.8217
Avg recall rates: 
0.6818    0.8081    0.7983    0.9398    0.6667    0.9130
Avg precision rates: 
0.7965    0.7805    0.7480    0.9186    0.6718    0.9130
Avg f1 measure: 
0.7347    0.7940    0.7724    0.9291    0.6692    0.9130


NOISY DATA
=================================================================
Confusion matrix:
 		1.9000    1.6000    2.0000    1.2000    1.6000    0.5000
    0.2000   14.9000    1.7000    0.5000    1.2000    0.2000
    0.6000    1.1000   13.6000    1.2000    0.4000    1.8000
    0.2000    0.9000    1.1000   17.6000    0.4000    0.7000
    1.0000    0.9000    1.7000    0.4000    6.2000    0.8000
    0.4000    0.3000    1.6000    0.8000    0.9000   18.0000
Avg classification rate:
0.7213
Avg recall rates:
0.2159    0.7968    0.7273    0.8421    0.5636    0.8182
Avg precision rates:
0.4419    0.7563    0.6267    0.8111    0.5794    0.8182
Avg f1 measure:
0.2901    0.7760    0.6733    0.8263    0.5714    0.8182
