Traingda (optimal lr = 0.4, lr_inc = 1.004, lr_dec = 0.4)

CLEAN DATA
=================================================================
Confusion matrix:
	  8.9000    1.3000    0.4000    0.5000    2.0000    0.1000
    1.0000   16.0000    0.6000    0.7000    1.3000    0.2000
    0.5000    0.5000    9.0000    0.2000    0.5000    1.2000
    0.3000    0.7000    0.2000   20.0000    0.2000    0.2000
    1.0000    2.3000    0.7000    0.6000    8.4000    0.2000
         0    0.3000    1.1000    0.3000    0.2000   18.8000

Avg classification rate : 
0.8118
Avg recall rates: 
0.7197    0.8131    0.7395    0.9630    0.5682    0.9082
Avg precision rates: 
0.7422    0.7523    0.8000    0.9163    0.6881    0.8704
Avg f1 measure: 
0.7308    0.7816    0.7686    0.9391    0.6224    0.8889

NOISY DATA
=================================================================
Confusion matrix:
		0.9000    2.0000    2.3000    1.3000    1.8000    0.5000
    0.2000   15.1000    1.7000    0.6000    0.5000    0.6000
    0.7000    1.5000   13.1000    1.0000    0.9000    1.5000
    0.2000    1.1000    1.6000   16.6000    0.2000    1.2000
    1.1000    1.3000    1.7000    0.6000    4.6000    1.7000
    0.1000    0.3000    1.2000    0.8000    0.8000   18.8000
Avg classification rate:
0.6903
Avg recall rates:
0.1023    0.8075    0.7005    0.7943    0.4182    0.8545
Avg precision rates:
0.2812    0.7089    0.6065    0.7943    0.5227    0.7737
Avg f1 measure:
0.1500    0.7550    0.6501    0.7943    0.4646    0.8121
