Traingdm (optimal lr = 0.1, mc = 0.4)

CLEAN DATA
=================================================================
Confusion matrix:
		9.1000    1.5000    0.8000    0.3000    1.3000    0.2000
    1.4000   15.5000    0.5000    0.6000    1.8000         0
    0.2000    0.2000    9.5000    0.2000    0.4000    1.4000
    0.1000    0.8000         0   20.2000    0.3000    0.2000
    1.2000    2.1000    0.6000    0.4000    8.7000    0.2000
    0.1000         0    1.5000    0.3000    0.6000   18.2000
Avg classification rate : 
0.8088
Avg recall rates: 
0.6894    0.7828    0.7983    0.9352    0.6591    0.8792
Avg precision rates: 
0.7521    0.7711    0.7364    0.9182    0.6641    0.9010
Avg f1 measure: 
0.7194    0.7769    0.7661    0.9266    0.6616    0.8900

NOISY DATA
=================================================================
Confusion matrix:
		1.3000    1.5000    2.4000    0.9000    2.1000    0.6000
    0.8000   14.9000    1.8000    0.3000    0.6000    0.3000
    0.4000    1.4000   13.2000    1.1000    1.0000    1.6000
    0.3000    1.1000    1.3000   16.9000    0.5000    0.8000
    1.1000    1.1000    1.6000    0.4000    5.9000    0.9000
         0    0.3000    1.5000    0.8000    0.9000   18.5000
Avg classification rate:
0.7063
Avg recall rates:
0.1477    0.7968    0.7059    0.8086    0.5364    0.8409
Avg precision rates:
0.3333    0.7340    0.6055    0.8284    0.5364    0.8150
Avg f1 measure:
0.2047    0.7641    0.6519    0.8184    0.5364    0.8277
