Trainrp (optimal lr = 0.4, delt_inc = 1.11, delt_dec = 0.5)

CLEAN DATA
=================================================================
Confusion matrix:
	  8.8000    1.6000    0.8000    0.4000    1.4000    0.2000
    0.9000   16.6000    0.2000    0.7000    1.2000    0.2000
    0.5000    0.1000    9.7000    0.3000    0.4000    0.9000
    0.2000    0.5000    0.1000   20.3000    0.4000    0.1000
    1.3000    1.6000    0.5000    0.2000    9.2000    0.4000
         0    0.2000    1.1000    0.6000    0.1000   18.7000
Avg classification rate : 
0.8297
Avg recall rates: 
0.7521    0.8058    0.7823    0.9022    0.7244    0.9122
Avg precision rates: 
0.7521    0.8058    0.7823    0.9022    0.7244    0.9122
Avg f1 measure: 
0.7068    0.8218    0.7984    0.9206    0.7104    0.9078

NOISY DATA
=================================================================
Confusion matrix:
		1.9000    1.9000    2.2000    0.8000    1.5000    0.5000
    0.7000   15.6000    1.2000    0.6000    0.4000    0.2000
    0.6000    1.4000   13.8000    0.8000    0.7000    1.4000
    0.3000    1.1000    1.0000   17.0000    0.2000    1.3000
    1.2000    1.0000    1.8000    0.6000    5.6000    0.8000
         0    0.4000    1.5000    0.9000    1.3000   17.9000
Avg classification rate:
0.7173
Avg recall rates:
0.2159    0.8342    0.7380    0.8134    0.5091    0.8136
Avg precision rates:
0.4043    0.7290    0.6419    0.8213    0.5773    0.8100
Avg f1 measure:
0.2815    0.7781    0.6866    0.8173    0.5411    0.8118
