for hidden_neurons = 5:50
for lr = 0.1:0.05:0.7

row: lr
column: hidden_neurons

OPTIMAL: 23 hidden neurons, lr = 0.2, F1 = 0.8335

13 x 46 matrix:
  Columns 1 through 14

    0.6487    0.6861    0.7327    0.7963    0.7870    0.7962    0.8007    0.7954    0.8002    0.7979    0.8033    0.7972    0.8157    0.8122
    0.6993    0.7074    0.7503    0.7442    0.7833    0.8092    0.8029    0.8038    0.8182    0.8079    0.7986    0.8089    0.8113    0.8170
    0.6412    0.7393    0.7704    0.7601    0.7856    0.7986    0.8094    0.8141    0.7982    0.7968    0.8199    0.8081    0.8074    0.7995
    0.6572    0.7183    0.6926    0.7597    0.7908    0.8108    0.7980    0.8186    0.8042    0.8138    0.8052    0.7963    0.8162    0.8096
    0.6735    0.7240    0.7941    0.8123    0.8082    0.8015    0.7898    0.8086    0.7959    0.8076    0.7989    0.8200    0.8123    0.8195
    0.6407    0.7062    0.7485    0.7852    0.7806    0.8101    0.8047    0.7947    0.8006    0.8050    0.8092    0.8142    0.8184    0.8013
    0.6864    0.7622    0.7370    0.7970    0.7846    0.8129    0.7874    0.7938    0.8128    0.8051    0.7971    0.8205    0.8156    0.8090
    0.6640    0.7778    0.7378    0.7852    0.8028    0.7782    0.7938    0.8164    0.8045    0.8173    0.7994    0.7873    0.8089    0.8285
    0.6420    0.7286    0.7526    0.8057    0.7796    0.8049    0.8137    0.8024    0.8050    0.8202    0.8247    0.8118    0.8179    0.8200
    0.6754    0.7719    0.7530    0.7857    0.8050    0.8157    0.8100    0.7936    0.8019    0.7908    0.8257    0.8156    0.7873    0.7908
    0.6278    0.7170    0.7691    0.7683    0.7982    0.8008    0.8077    0.7995    0.8193    0.8054    0.8160    0.8108    0.8036    0.8198
    0.6815    0.7419    0.7602    0.7787    0.7722    0.7872    0.7984    0.8003    0.7926    0.8010    0.8114    0.8155    0.8155    0.8113
    0.6660    0.7621    0.7117    0.7573    0.7809    0.7948    0.8074    0.8120    0.8099    0.8127    0.8179    0.8050    0.8227    0.8000

  Columns 15 through 28

    0.8153    0.8193    0.8045    0.8248    0.8187    0.8137    0.8105    0.8032    0.8109    0.7974    0.8070    0.8103    0.8133    0.8121
    0.8104    0.8212    0.8056    0.8035    0.8178    0.7988    0.8118    0.8134    0.8107    0.7962    0.8192    0.8162    0.8172    0.8110
    0.8154    0.8161    0.7995    0.8114    0.8335    0.8263    0.8107    0.8012    0.8093    0.8158    0.8124    0.8191    0.8173    0.8080
    0.8062    0.8090    0.8126    0.8178    0.8160    0.8084    0.8056    0.8209    0.8207    0.8177    0.8176    0.8149    0.8128    0.7984
    0.8109    0.8098    0.8071    0.8185    0.7982    0.8215    0.8214    0.8116    0.8184    0.8117    0.7980    0.8079    0.8099    0.8073
    0.8061    0.8231    0.7982    0.8151    0.8256    0.8130    0.8170    0.8250    0.8049    0.8246    0.8164    0.8096    0.8154    0.8022
    0.8207    0.8097    0.8024    0.8115    0.8056    0.8106    0.8081    0.8137    0.8144    0.8023    0.8021    0.8181    0.8069    0.8113
    0.8119    0.8135    0.7983    0.8093    0.8012    0.8039    0.8053    0.8086    0.8288    0.8169    0.8169    0.7891    0.8109    0.8139
    0.8055    0.8093    0.8053    0.8101    0.8098    0.8052    0.8034    0.8031    0.8124    0.7597    0.8139    0.8129    0.8013    0.8118
    0.8118    0.8252    0.7985    0.8078    0.8086    0.8055    0.8039    0.7946    0.7973    0.8165    0.8205    0.7918    0.7964    0.8148
    0.8199    0.8269    0.8126    0.8266    0.8107    0.8186    0.7980    0.8118    0.8050    0.7560    0.8135    0.7437    0.8117    0.8227
    0.7982    0.8244    0.7997    0.8061    0.8008    0.8076    0.8231    0.8064    0.8051    0.8171    0.8078    0.8075    0.7224    0.8119
    0.8110    0.8048    0.8056    0.8122    0.8089    0.8174    0.8026    0.7991    0.8022    0.7941    0.8231    0.8243    0.8113    0.7544

  Columns 29 through 42

    0.7999    0.8105    0.7978    0.8174    0.8093    0.7963    0.8117    0.8127    0.8112    0.8116    0.8113    0.8025    0.8032    0.8212
    0.8151    0.8141    0.8248    0.8191    0.7973    0.8101    0.8160    0.8099    0.8170    0.8000    0.8151    0.8182    0.7894    0.8154
    0.8174    0.8017    0.8084    0.8073    0.7996    0.8217    0.8091    0.8065    0.8167    0.8076    0.7980    0.8077    0.8060    0.7922
    0.8230    0.8036    0.8098    0.8204    0.8049    0.8105    0.8201    0.8177    0.8212    0.8132    0.8086    0.8284    0.8086    0.7873
    0.8210    0.8190    0.7987    0.8104    0.8083    0.8123    0.8046    0.8027    0.8049    0.8303    0.8228    0.7959    0.8017    0.8130
    0.8147    0.8161    0.8007    0.8115    0.8199    0.8058    0.8215    0.8085    0.8097    0.8194    0.7467    0.8092    0.8116    0.8184
    0.8206    0.8144    0.8055    0.8236    0.8104    0.8120    0.8006    0.8123    0.8007    0.8048    0.7714    0.8048    0.8162    0.8049
    0.8119    0.8115    0.7984    0.8129    0.8166    0.7591    0.7511    0.8150    0.7742    0.7697    0.8071    0.6879    0.7446    0.7188
    0.8107    0.8167    0.8234    0.8063    0.8155    0.8110    0.8030    0.8064    0.7391    0.7254    0.7468    0.7581    0.6629    0.5116
    0.8189    0.8143    0.7659    0.8085    0.7572    0.6964    0.8105    0.6914    0.7000    0.6471    0.7398    0.5439    0.4066    0.4475
    0.8017    0.8089    0.7956    0.7026    0.6389    0.7289    0.6921    0.6451    0.5349    0.3931    0.4477    0.5145    0.3017    0.2229
    0.8073    0.8005    0.7378    0.7725    0.5331    0.4033    0.5467    0.2482    0.4210    0.2574    0.2877    0.2116    0.1370    0.1802
    0.7441    0.6454    0.5112    0.5404    0.5331    0.3351    0.2999    0.3286    0.1880    0.2184    0.3271    0.2056    0.2511    0.1611

  Columns 43 through 46

    0.8137    0.7890    0.8082    0.8027
    0.7938    0.7984    0.8131    0.8152
    0.7904    0.8062    0.8152    0.8004
    0.8098    0.8088    0.8200    0.7546
    0.8136    0.8059    0.8054    0.8172
    0.8281    0.8088    0.8008    0.8066
    0.7700    0.8079    0.8058    0.7019
    0.8165    0.7027    0.7637    0.6370
    0.6044    0.4997    0.4601    0.3747
    0.4716    0.2876    0.3201    0.2130
    0.2176    0.2784    0.1431    0.2336
    0.1730    0.1576    0.1544    0.1396
    0.2462    0.1639    0.1732    0.1584

Vector:
    0.6487
    0.6993
    0.6412
    0.6572
    0.6735
    0.6407
    0.6864
    0.6640
    0.6420
    0.6754
    0.6278
    0.6815
    0.6660
    0.6861
    0.7074
    0.7393
    0.7183
    0.7240
    0.7062
    0.7622
    0.7778
    0.7286
    0.7719
    0.7170
    0.7419
    0.7621
    0.7327
    0.7503
    0.7704
    0.6926
    0.7941
    0.7485
    0.7370
    0.7378
    0.7526
    0.7530
    0.7691
    0.7602
    0.7117
    0.7963
    0.7442
    0.7601
    0.7597
    0.8123
    0.7852
    0.7970
    0.7852
    0.8057
    0.7857
    0.7683
    0.7787
    0.7573
    0.7870
    0.7833
    0.7856
    0.7908
    0.8082
    0.7806
    0.7846
    0.8028
    0.7796
    0.8050
    0.7982
    0.7722
    0.7809
    0.7962
    0.8092
    0.7986
    0.8108
    0.8015
    0.8101
    0.8129
    0.7782
    0.8049
    0.8157
    0.8008
    0.7872
    0.7948
    0.8007
    0.8029
    0.8094
    0.7980
    0.7898
    0.8047
    0.7874
    0.7938
    0.8137
    0.8100
    0.8077
    0.7984
    0.8074
    0.7954
    0.8038
    0.8141
    0.8186
    0.8086
    0.7947
    0.7938
    0.8164
    0.8024
    0.7936
    0.7995
    0.8003
    0.8120
    0.8002
    0.8182
    0.7982
    0.8042
    0.7959
    0.8006
    0.8128
    0.8045
    0.8050
    0.8019
    0.8193
    0.7926
    0.8099
    0.7979
    0.8079
    0.7968
    0.8138
    0.8076
    0.8050
    0.8051
    0.8173
    0.8202
    0.7908
    0.8054
    0.8010
    0.8127
    0.8033
    0.7986
    0.8199
    0.8052
    0.7989
    0.8092
    0.7971
    0.7994
    0.8247
    0.8257
    0.8160
    0.8114
    0.8179
    0.7972
    0.8089
    0.8081
    0.7963
    0.8200
    0.8142
    0.8205
    0.7873
    0.8118
    0.8156
    0.8108
    0.8155
    0.8050
    0.8157
    0.8113
    0.8074
    0.8162
    0.8123
    0.8184
    0.8156
    0.8089
    0.8179
    0.7873
    0.8036
    0.8155
    0.8227
    0.8122
    0.8170
    0.7995
    0.8096
    0.8195
    0.8013
    0.8090
    0.8285
    0.8200
    0.7908
    0.8198
    0.8113
    0.8000
    0.8153
    0.8104
    0.8154
    0.8062
    0.8109
    0.8061
    0.8207
    0.8119
    0.8055
    0.8118
    0.8199
    0.7982
    0.8110
    0.8193
    0.8212
    0.8161
    0.8090
    0.8098
    0.8231
    0.8097
    0.8135
    0.8093
    0.8252
    0.8269
    0.8244
    0.8048
    0.8045
    0.8056
    0.7995
    0.8126
    0.8071
    0.7982
    0.8024
    0.7983
    0.8053
    0.7985
    0.8126
    0.7997
    0.8056
    0.8248
    0.8035
    0.8114
    0.8178
    0.8185
    0.8151
    0.8115
    0.8093
    0.8101
    0.8078
    0.8266
    0.8061
    0.8122
    0.8187
    0.8178
    0.8335
    0.8160
    0.7982
    0.8256
    0.8056
    0.8012
    0.8098
    0.8086
    0.8107
    0.8008
    0.8089
    0.8137
    0.7988
    0.8263
    0.8084
    0.8215
    0.8130
    0.8106
    0.8039
    0.8052
    0.8055
    0.8186
    0.8076
    0.8174
    0.8105
    0.8118
    0.8107
    0.8056
    0.8214
    0.8170
    0.8081
    0.8053
    0.8034
    0.8039
    0.7980
    0.8231
    0.8026
    0.8032
    0.8134
    0.8012
    0.8209
    0.8116
    0.8250
    0.8137
    0.8086
    0.8031
    0.7946
    0.8118
    0.8064
    0.7991
    0.8109
    0.8107
    0.8093
    0.8207
    0.8184
    0.8049
    0.8144
    0.8288
    0.8124
    0.7973
    0.8050
    0.8051
    0.8022
    0.7974
    0.7962
    0.8158
    0.8177
    0.8117
    0.8246
    0.8023
    0.8169
    0.7597
    0.8165
    0.7560
    0.8171
    0.7941
    0.8070
    0.8192
    0.8124
    0.8176
    0.7980
    0.8164
    0.8021
    0.8169
    0.8139
    0.8205
    0.8135
    0.8078
    0.8231
    0.8103
    0.8162
    0.8191
    0.8149
    0.8079
    0.8096
    0.8181
    0.7891
    0.8129
    0.7918
    0.7437
    0.8075
    0.8243
    0.8133
    0.8172
    0.8173
    0.8128
    0.8099
    0.8154
    0.8069
    0.8109
    0.8013
    0.7964
    0.8117
    0.7224
    0.8113
    0.8121
    0.8110
    0.8080
    0.7984
    0.8073
    0.8022
    0.8113
    0.8139
    0.8118
    0.8148
    0.8227
    0.8119
    0.7544
    0.7999
    0.8151
    0.8174
    0.8230
    0.8210
    0.8147
    0.8206
    0.8119
    0.8107
    0.8189
    0.8017
    0.8073
    0.7441
    0.8105
    0.8141
    0.8017
    0.8036
    0.8190
    0.8161
    0.8144
    0.8115
    0.8167
    0.8143
    0.8089
    0.8005
    0.6454
    0.7978
    0.8248
    0.8084
    0.8098
    0.7987
    0.8007
    0.8055
    0.7984
    0.8234
    0.7659
    0.7956
    0.7378
    0.5112
    0.8174
    0.8191
    0.8073
    0.8204
    0.8104
    0.8115
    0.8236
    0.8129
    0.8063
    0.8085
    0.7026
    0.7725
    0.5404
    0.8093
    0.7973
    0.7996
    0.8049
    0.8083
    0.8199
    0.8104
    0.8166
    0.8155
    0.7572
    0.6389
    0.5331
    0.5331
    0.7963
    0.8101
    0.8217
    0.8105
    0.8123
    0.8058
    0.8120
    0.7591
    0.8110
    0.6964
    0.7289
    0.4033
    0.3351
    0.8117
    0.8160
    0.8091
    0.8201
    0.8046
    0.8215
    0.8006
    0.7511
    0.8030
    0.8105
    0.6921
    0.5467
    0.2999
    0.8127
    0.8099
    0.8065
    0.8177
    0.8027
    0.8085
    0.8123
    0.8150
    0.8064
    0.6914
    0.6451
    0.2482
    0.3286
    0.8112
    0.8170
    0.8167
    0.8212
    0.8049
    0.8097
    0.8007
    0.7742
    0.7391
    0.7000
    0.5349
    0.4210
    0.1880
    0.8116
    0.8000
    0.8076
    0.8132
    0.8303
    0.8194
    0.8048
    0.7697
    0.7254
    0.6471
    0.3931
    0.2574
    0.2184
    0.8113
    0.8151
    0.7980
    0.8086
    0.8228
    0.7467
    0.7714
    0.8071
    0.7468
    0.7398
    0.4477
    0.2877
    0.3271
    0.8025
    0.8182
    0.8077
    0.8284
    0.7959
    0.8092
    0.8048
    0.6879
    0.7581
    0.5439
    0.5145
    0.2116
    0.2056
    0.8032
    0.7894
    0.8060
    0.8086
    0.8017
    0.8116
    0.8162
    0.7446
    0.6629
    0.4066
    0.3017
    0.1370
    0.2511
    0.8212
    0.8154
    0.7922
    0.7873
    0.8130
    0.8184
    0.8049
    0.7188
    0.5116
    0.4475
    0.2229
    0.1802
    0.1611
    0.8137
    0.7938
    0.7904
    0.8098
    0.8136
    0.8281
    0.7700
    0.8165
    0.6044
    0.4716
    0.2176
    0.1730
    0.2462
    0.7890
    0.7984
    0.8062
    0.8088
    0.8059
    0.8088
    0.8079
    0.7027
    0.4997
    0.2876
    0.2784
    0.1576
    0.1639
    0.8082
    0.8131
    0.8152
    0.8200
    0.8054
    0.8008
    0.8058
    0.7637
    0.4601
    0.3201
    0.1431
    0.1544
    0.1732
    0.8027
    0.8152
    0.8004
    0.7546
    0.8172
    0.8066
    0.7019
    0.6370
    0.3747
    0.2130
    0.2336
    0.1396
    0.1584
