  Columns 1 through 16

    0.7896    0.7983    0.8011    0.7991    0.8193    0.8073    0.8081    0.8207    0.8096    0.7737    0.7968    0.8145    0.8184    0.7907    0.8261    0.8040
    0.8042    0.8073    0.7638    0.7849    0.8034    0.7949    0.8200    0.8132    0.7958    0.8117    0.8122    0.7856    0.8107    0.8054    0.7883    0.7923
    0.8165    0.8105    0.8094    0.7915    0.7773    0.7861    0.7952    0.8111    0.8153    0.8141    0.8175    0.8028    0.6860    0.7952    0.7819    0.8019
    0.7938    0.8167    0.8022    0.8021    0.8145    0.7105    0.7778    0.8023    0.7968    0.8045    0.8056    0.8026    0.8223    0.7935    0.5792    0.7918
    0.8011    0.8263    0.8045    0.8085    0.8025    0.8096    0.8082    0.3402    0.7589    0.7868    0.7981    0.8038    0.7877    0.8179    0.8160    0.8152
    0.3322    0.7686    0.7978    0.8061    0.8054    0.7953    0.8192    0.8266    0.6455    0.3160    0.8000    0.8216    0.8021    0.8043    0.8035    0.8163
    0.8163    0.7192    0.3019    0.7791    0.7825    0.8173    0.8045    0.8042    0.8227    0.7730    0.6671    0.2984    0.7689    0.8102    0.7959    0.8030
    0.8054    0.8089    0.8132    0.6480    0.2961    0.7734    0.8106    0.7919    0.7968    0.8021    0.7985    0.7590    0.3132    0.2248    0.7739    0.7839
    0.8160    0.7960    0.8029    0.8124    0.7151    0.3960    0.2303    0.7545    0.7645    0.7923    0.8046    0.8203    0.7965    0.8169    0.3578    0.2631

  Columns 17 through 25

    0.8171    0.8106    0.7870    0.7956    0.8002    0.7921    0.8100    0.7956    0.8060
    0.8031    0.8059    0.8088    0.7987    0.7803    0.7885    0.7945    0.8096    0.8340
    0.8050    0.7950    0.8102    0.8195    0.8086    0.6357    0.7841    0.7896    0.8069
    0.7864    0.7990    0.7970    0.8159    0.7939    0.8198    0.8035    0.5050    0.7592
    0.4563    0.7960    0.8006    0.7916    0.8054    0.8146    0.8271    0.7985    0.7168
    0.8024    0.6905    0.2321    0.7707    0.8007    0.8118    0.8108    0.8047    0.8181
    0.8028    0.8175    0.8137    0.6469    0.2577    0.7819    0.7876    0.7972    0.8055
    0.7987    0.8051    0.7996    0.8104    0.8198    0.4532    0.2619    0.7953    0.7931
    0.7959    0.7988    0.8033    0.8034    0.7983    0.8185    0.7475    0.4494    0.2551

Optimal parameters: 	inc: 1.11, dec: 0.5 (delt_inc = 1.01:0.02:1.5, delt_dec = 0.1:0.1:0.9)

For fixed optimal parameters: optimal hidden neurons (single layer) is 25, F1 measure is 0.8340.
